32
152
222
144
126
229
135
172
78
24
252
125
127
43
14
233
239
5
111
87
91
230
183
148
219
54
73
109
173
33
72
26
154
226
161
228
54
90
131
11
57
6
48
58
180
197
83
99
17
236
23
21
123
186
99
19
176
116
124
210
19
162
169
181
173
219
60
214
154
34
174
162
147
135
42
78
114
129
60
8
93
33
222
13
56
148
212
133
41
135
74
144
23
190
77
254
237
220
230
92
223
182
199
208
56
182
123
152
183
102
53
66
